date,state,positive,negative,tests
20200412,AK,272,7766,8038
20200412,AL,3525,18058,21583
20200412,AR,1280,18442,19722
20200412,AS,0,3,3
20200412,AZ,3539,38570,42109
20200412,CA,21794,168534,190328
20200412,CO,6893,27980,34873
20200412,CT,12035,29185,41220
20200412,DC,1875,8765,10640
20200412,DE,1479,9624,11103
20200412,FL,19355,163398,182753
20200412,GA,12452,42001,54453
20200412,GU,133,693,826
20200412,HI,486,17482,17968
20200412,IA,1587,16005,17592
20200412,ID,1407,12901,14308
20200412,IL,20852,79883,100735
20200412,IN,7928,34561,42489
20200412,KS,1337,11916,13253
20200412,KY,1840,22727,24567
20200412,LA,20595,83450,104045
20200412,MA,25381,91463,116844
20200412,MD,8225,41539,49764
20200412,ME,633,6088,6721
20200412,MI,24638,54799,79437
20200412,MN,1621,35800,37421
20200412,MO,4160,41040,45200
20200412,MP,11,27,38
20200412,MS,2781,18632,21413
20200412,MT,387,8526,8913
20200412,NC,4520,57619,62139
20200412,ND,308,10042,10350
20200412,NE,791,9900,10691
20200412,NH,929,9996,10925
20200412,NJ,61850,64885,126735
20200412,NM,1174,27518,28692
20200412,NV,2836,21775,24611
20200412,NY,188694,272907,461601
20200412,OH,6604,56639,63243
20200412,OK,1970,20790,22760
20200412,OR,1527,28231,29758
20200412,PA,22833,102057,124890
20200412,PR,897,5819,6716
20200412,RI,2665,17685,20350
20200412,SC,3319,28106,31425
20200412,SD,730,7823,8553
20200412,TN,5308,65369,70677
20200412,TX,13484,111049,124533
20200412,UT,2303,41931,44234
20200412,VA,5274,34711,39985
20200412,VI,51,299,350
20200412,VT,727,9114,9841
20200412,WA,10398,119533,129931
20200412,WI,3341,35916,39257
20200412,WV,611,15646,16257
20200412,WY,261,5198,5459
20200411,AK,257,7475,7732
20200411,AL,3191,18058,21249
20200411,AR,1226,17352,18578
20200411,AS,0,3,3
20200411,AZ,3393,37137,40530
20200411,CA,19472,152604,172076
20200411,CO,6510,26143,32653
20200411,CT,11510,28321,39831
20200411,DC,1778,8261,10039
20200411,DE,1479,9624,11103
20200411,FL,18494,154439,172933
20200411,GA,12159,39556,51715
20200411,GU,133,693,826
20200411,HI,465,17066,17531
20200411,IA,1510,15622,17132
20200411,ID,1396,12368,13764
20200411,IL,19180,72969,92149
20200411,IN,7435,31780,39215
20200411,KS,1268,11075,12343
20200411,KY,1693,22595,24288
20200411,LA,20014,76901,96915
20200411,MA,22766,86115,108881
20200411,MD,7694,39544,47238
20200411,ME,616,6088,6704
20200411,MI,23993,52021,76014
20200411,MN,1427,33977,35404
20200411,MO,4024,39148,43172
20200411,MP,11,27,38
20200411,MS,2642,18632,21274
20200411,MT,377,8204,8581
20200411,NC,4312,56081,60393
20200411,ND,293,9787,10080
20200411,NE,700,9285,9985
20200411,NH,885,9608,10493
20200411,NJ,58151,62042,120193
20200411,NM,1091,26007,27098
20200411,NV,2700,20887,23587
20200411,NY,180458,260522,440980
20200411,OH,6250,54221,60471
20200411,OK,1868,20790,22658
20200411,OR,1371,25853,27224
20200411,PA,21655,98498,120153
20200411,PR,788,5583,6371
20200411,RI,2349,15858,18207
20200411,SC,3207,26886,30093
20200411,SD,626,7378,8004
20200411,TN,5114,61714,66828
20200411,TX,12561,107972,120533
20200411,UT,2206,40340,42546
20200411,VA,5077,32922,37999
20200411,VI,51,299,350
20200411,VT,711,8547,9258
20200411,WA,10162,118236,128398
20200411,WI,3213,34680,37893
20200411,WV,577,14875,15452
20200411,WY,261,5198,5459
20200410,AK,246,7186,7432
20200410,AL,2968,18058,21026
20200410,AR,1171,15949,17120
20200410,AS,0,3,3
20200410,AZ,3112,34622,37734
20200410,CA,19472,145391,164863
20200410,CO,6510,26143,32653
20200410,CT,10538,25750,36288
20200410,DC,1660,7695,9355
20200410,DE,1326,10415,11741
20200410,FL,17531,145299,162830
20200410,GA,11483,34664,46147
20200410,GU,130,662,792
20200410,HI,442,15707,16149
20200410,IA,1388,14565,15953
20200410,ID,1353,11741,13094
20200410,IL,17887,69640,87527
20200410,IN,6907,28133,35040
20200410,KS,1166,10248,11414
20200410,KY,1693,22595,24288
20200410,LA,19253,73027,92280
20200410,MA,20878,81564,102442
20200410,MD,6968,37480,44448
20200410,ME,586,6088,6674
20200410,MI,22783,49261,72044
20200410,MN,1336,32558,33894
20200410,MO,3799,36941,40740
20200410,MP,11,27,38
20200410,MS,2469,18632,21101
20200410,MT,365,7932,8297
20200410,NC,3908,53737,57645
20200410,ND,278,9330,9608
20200410,NE,635,8719,9354
20200410,NH,819,9139,9958
20200410,NJ,54588,58935,113523
20200410,NM,1091,26007,27098
20200410,NV,2584,20165,22749
20200410,NY,170512,247373,417885
20200410,OH,5878,52695,58573
20200410,OK,1794,20370,22164
20200410,OR,1321,24306,25627
20200410,PA,19979,93040,113019
20200410,PR,725,5121,5846
20200410,RI,2015,12281,14296
20200410,SC,3065,25118,28183
20200410,SD,536,7111,7647
20200410,TN,4862,57937,62799
20200410,TX,11671,104047,115718
20200410,UT,2102,38660,40762
20200410,VA,4509,30950,35459
20200410,VI,50,273,323
20200410,VT,679,7553,8232
20200410,WA,9941,116396,126337
20200410,WI,3068,33225,36293
20200410,WV,554,14001,14555
20200410,WY,253,4736,4989
20200409,AK,235,6988,7223
20200409,AL,2769,18058,20827
20200409,AR,1119,13832,14951
20200409,AS,0,3,3
20200409,AZ,3018,34160,37178
20200409,CA,18309,145191,163500
20200409,CO,5655,23544,29199
20200409,CT,9784,23718,33502
20200409,DC,1523,7201,8724
20200409,DE,1207,8683,9890
20200409,FL,16364,136185,152549
20200409,GA,10566,30519,41085
20200409,GU,128,593,721
20200409,HI,435,15316,15751
20200409,IA,1270,13703,14973
20200409,ID,1232,11299,12531
20200409,IL,16422,64435,80857
20200409,IN,6351,25782,32133
20200409,KS,1106,9669,10775
20200409,KY,1346,20455,21801
20200409,LA,18283,68636,86919
20200409,MA,18843,76146,94989
20200409,MD,6185,35344,41529
20200409,ME,560,6088,6648
20200409,MI,21504,45550,67054
20200409,MN,1242,31052,32294
20200409,MO,3539,34955,38494
20200409,MP,11,27,38
20200409,MS,2260,18632,20892
20200409,MT,354,7506,7860
20200409,NC,3651,44158,47809
20200409,ND,269,8721,8990
20200409,NE,567,8116,8683
20200409,NH,788,8763,9551
20200409,NJ,51027,56165,107192
20200409,NM,865,22942,23807
20200409,NV,2456,19315,21771
20200409,NY,159937,231612,391549
20200409,OH,5512,50473,55985
20200409,OK,1684,18595,20279
20200409,OR,1321,24306,25627
20200409,PA,18228,87374,105602
20200409,PR,683,4703,5386
20200409,RI,1727,10682,12409
20200409,SC,2792,24575,27367
20200409,SD,447,6700,7147
20200409,TN,4634,55215,59849
20200409,TX,10230,95904,106134
20200409,UT,1976,36397,38373
20200409,VA,4042,28984,33026
20200409,VI,46,251,297
20200409,VT,628,7553,8181
20200409,WA,9492,112544,122036
20200409,WI,2885,31424,34309
20200409,WV,523,13340,13863
20200409,WY,230,3920,4150
20200408,AK,226,6842,7068
20200408,AL,2369,16753,19122
20200408,AR,1000,13530,14530
20200408,AS,0,3,3
20200408,AZ,2726,31838,34564
20200408,CA,16957,127307,144264
20200408,CO,5429,22665,28094
20200408,CT,7781,21255,29036
20200408,DC,1440,6843,8283
20200408,DE,928,7628,8556
20200408,FL,15455,127679,143134
20200408,GA,9901,28886,38787
20200408,GU,125,562,687
20200408,HI,410,14739,15149
20200408,IA,1145,12821,13966
20200408,ID,1210,10688,11898
20200408,IL,15078,59988,75066
20200408,IN,5943,24926,30869
20200408,KS,1046,9137,10183
20200408,KY,1149,20455,21604
20200408,LA,17030,64376,81406
20200408,MA,16692,70849,87541
20200408,MD,5529,32933,38462
20200408,ME,537,6088,6625
20200408,MI,20589,45550,66139
20200408,MN,1154,29599,30753
20200408,MO,3327,30783,34110
20200408,MP,11,27,38
20200408,MS,2003,18632,20635
20200408,MT,332,7066,7398
20200408,NC,3426,39561,42987
20200408,ND,251,8301,8552
20200408,NE,519,7442,7961
20200408,NH,788,8389,9177
20200408,NJ,47437,52979,100416
20200408,NM,794,21451,22245
20200408,NV,2318,18248,20566
20200408,NY,149316,215837,365153
20200408,OH,5148,48193,53341
20200408,OK,1524,11821,13345
20200408,OR,1239,23325,24564
20200408,PA,16239,82299,98538
20200408,PR,620,4266,4886
20200408,RI,1450,10682,12132
20200408,SC,2552,22082,24634
20200408,SD,393,6355,6748
20200408,TN,4362,52256,56618
20200408,TX,9353,86905,96258
20200408,UT,1846,34270,36116
20200408,VA,3645,27000,30645
20200408,VI,45,242,287
20200408,VT,605,7144,7749
20200408,WA,9214,108847,118061
20200408,WI,2756,30115,32871
20200408,WV,462,12083,12545
20200408,WY,221,3843,4064
20200407,AK,213,6700,6913
20200407,AL,2119,12797,14916
20200407,AR,946,12692,13638
20200407,AS,0,3,3
20200407,AZ,2575,30800,33375
20200407,CA,15865,115364,131229
20200407,CO,5172,21703,26875
20200407,CT,7781,21255,29036
20200407,DC,1211,6612,7823
20200407,DE,928,7628,8556
20200407,FL,14747,123415,138162
20200407,GA,8818,24895,33713
20200407,GU,121,529,650
20200407,HI,387,13155,13542
20200407,IA,1048,11670,12718
20200407,ID,1170,10076,11246
20200407,IL,13549,55183,68732
20200407,IN,5507,23257,28764
20200407,KS,900,8614,9514
20200407,KY,1008,18947,19955
20200407,LA,16284,58371,74655
20200407,MA,15104,66270,81374
20200407,MD,4371,27256,31627
20200407,ME,519,6088,6607
20200407,MI,19823,45550,65373
20200407,MN,1069,28191,29260
20200407,MO,3037,28932,31969
20200407,MP,8,15,23
20200407,MS,1915,18632,20547
20200407,MT,319,6666,6985
20200407,NC,3221,37861,41082
20200407,ND,237,7466,7703
20200407,NE,447,6811,7258
20200407,NH,715,8019,8734
20200407,NJ,44416,50558,94974
20200407,NM,686,21139,21825
20200407,NV,2087,16552,18639
20200407,NY,138863,201195,340058
20200407,OH,4782,46056,50838
20200407,OK,1472,11821,13293
20200407,OR,1181,21826,23007
20200407,PA,14559,76719,91278
20200407,PR,573,3966,4539
20200407,RI,1230,9077,10307
20200407,SC,2417,21263,23680
20200407,SD,320,5948,6268
20200407,TN,4138,48736,52874
20200407,TX,8262,80387,88649
20200407,UT,1738,32909,34647
20200407,VA,3333,25312,28645
20200407,VI,43,222,265
20200407,VT,575,6554,7129
20200407,WA,8859,104511,113370
20200407,WI,2578,28512,31090
20200407,WV,412,11647,12059
20200407,WY,216,3789,4005
20200406,AK,191,6692,6883
20200406,AL,1968,12797,14765
20200406,AR,875,11970,12845
20200406,AS,0,3,3
20200406,AZ,2456,30078,32534
20200406,CA,14336,103095,117431
20200406,CO,4950,20823,25773
20200406,CT,6906,19780,26686
20200406,DC,1097,6356,7453
20200406,DE,673,6321,6994
20200406,FL,13324,109950,123274
20200406,GA,7314,23960,31274
20200406,GU,113,505,618
20200406,HI,371,13155,13526
20200406,IA,946,10653,11599
20200406,ID,1101,9894,10995
20200406,IL,12262,50680,62942
20200406,IN,4944,21247,26191
20200406,KS,845,8239,9084
20200406,KY,955,17812,18767
20200406,LA,14867,54299,69166
20200406,MA,13739,62720,76459
20200406,MD,4045,25572,29617
20200406,ME,499,6088,6587
20200406,MI,18850,43120,61970
20200406,MN,986,27142,28128
20200406,MO,2722,27113,29835
20200406,MP,8,13,21
20200406,MS,1738,18632,20370
20200406,MT,299,6491,6790
20200406,NC,2870,37856,40726
20200406,ND,225,6988,7213
20200406,NE,409,6378,6787
20200406,NH,669,7701,8370
20200406,NJ,41090,47942,89032
20200406,NM,624,18512,19136
20200406,NV,1953,15676,17629
20200406,NY,130689,190122,320811
20200406,OH,4450,43928,48378
20200406,OK,1327,1422,2749
20200406,OR,1132,20669,21801
20200406,PA,12980,70874,83854
20200406,PR,513,3432,3945
20200406,RI,1082,7399,8481
20200406,SC,2049,16927,18976
20200406,SD,288,5732,6020
20200406,TN,3802,43548,47350
20200406,TX,7276,78081,85357
20200406,UT,1675,31719,33394
20200406,VA,2878,21643,24521
20200406,VI,43,222,265
20200406,VT,543,6090,6633
20200406,WA,8523,99837,108360
20200406,WI,2440,26574,29014
20200406,WV,345,9595,9940
20200406,WY,210,3719,3929
20200405,AK,185,6099,6284
20200405,AL,1796,11282,13078
20200405,AR,830,10412,11242
20200405,AS,0,3,3
20200405,AZ,2269,25141,27410
20200405,CA,13438,103095,116533
20200405,CO,4565,19335,23900
20200405,CT,5675,17595,23270
20200405,DC,998,5836,6834
20200405,DE,673,6321,6994
20200405,FL,12151,101253,113404
20200405,GA,6647,21185,27832
20200405,GU,112,493,605
20200405,HI,351,12604,12955
20200405,IA,868,9973,10841
20200405,ID,1077,9184,10261
20200405,IL,11256,47727,58983
20200405,IN,4411,18241,22652
20200405,KS,747,7476,8223
20200405,KY,917,15746,16663
20200405,LA,13010,47315,60325
20200405,MA,12402,59565,71967
20200405,MD,3609,24728,28337
20200405,ME,470,6088,6558
20200405,MI,17567,40331,57898
20200405,MN,935,25842,26777
20200405,MO,2367,24882,27249
20200405,MP,8,13,21
20200405,MS,1638,5580,7218
20200405,MT,286,6317,6603
20200405,NC,2585,37460,40045
20200405,ND,207,6580,6787
20200405,NE,363,5558,5921
20200405,NH,621,7411,8032
20200405,NJ,37505,44661,82166
20200405,NM,543,16285,16828
20200405,NV,1836,14995,16831
20200405,NY,122031,180249,302280
20200405,OH,4043,39713,43756
20200405,OK,1252,1401,2653
20200405,OR,1068,19556,20624
20200405,PA,11510,66261,77771
20200405,PR,475,3073,3548
20200405,RI,922,6259,7181
20200405,SC,2049,16927,18976
20200405,SD,240,5353,5593
20200405,TN,3633,41667,45300
20200405,TX,6812,64126,70938
20200405,UT,1605,29287,30892
20200405,VA,2637,21034,23671
20200405,VI,42,206,248
20200405,VT,512,6070,6582
20200405,WA,8181,95286,103467
20200405,WI,2267,25169,27436
20200405,WV,324,8514,8838
20200405,WY,197,3040,3237
20200404,AK,171,5869,6040
20200404,AL,1580,9273,10853
20200404,AR,743,9627,10370
20200404,AS,0,3,3
20200404,AZ,2019,25141,27160
20200404,CA,12026,101674,113700
20200404,CO,4173,17898,22071
20200404,CT,5276,16753,22029
20200404,DC,902,5536,6438
20200404,DE,593,5874,6467
20200404,FL,11111,90956,102067
20200404,GA,6160,20134,26294
20200404,GU,93,472,565
20200404,HI,319,11959,12278
20200404,IA,786,9454,10240
20200404,ID,1013,7857,8870
20200404,IL,10357,43224,53581
20200404,IN,3953,15847,19800
20200404,KS,698,6880,7578
20200404,KY,831,14741,15572
20200404,LA,12496,46002,58498
20200404,MA,11637,57191,68828
20200404,MD,3125,22485,25610
20200404,ME,456,6088,6544
20200404,MI,16395,37405,53800
20200404,MN,865,24558,25423
20200404,MO,2291,22614,24905
20200404,MP,8,13,21
20200404,MS,1455,5133,6588
20200404,MT,265,5912,6177
20200404,NC,2402,36371,38773
20200404,ND,186,6021,6207
20200404,NE,321,5058,5379
20200404,NH,540,6965,7505
20200404,NJ,34124,41232,75356
20200404,NM,495,15137,15632
20200404,NV,1742,14421,16163
20200404,NY,113704,169917,283621
20200404,OH,3739,38132,41871
20200404,OK,1159,1362,2521
20200404,OR,999,16535,17534
20200404,PA,10017,60013,70030
20200404,PR,452,2605,3057
20200404,RI,806,5584,6390
20200404,SC,1917,16397,18314
20200404,SD,212,5012,5224
20200404,TN,3321,38070,41391
20200404,TX,6110,57641,63751
20200404,UT,1428,26615,28043
20200404,VA,2407,19145,21552
20200404,VI,40,184,224
20200404,VT,461,5383,5844
20200404,WA,7792,93529,101321
20200404,WI,2112,23859,25971
20200404,WV,282,7404,7686
20200404,WY,187,2945,3132
20200403,AK,157,5859,6016
20200403,AL,1432,8187,9619
20200403,AR,704,8995,9699
20200403,AS,0,3,3
20200403,AZ,1769,22904,24673
20200403,CA,10701,24599,35300
20200403,CO,3728,16683,20411
20200403,CT,4914,15101,20015
20200403,DC,757,4827,5584
20200403,DE,450,4995,5445
20200403,FL,9585,82137,91722
20200403,GA,5831,19434,25265
20200403,GU,84,459,543
20200403,HI,285,10206,10491
20200403,IA,699,8754,9453
20200403,ID,891,7054,7945
20200403,IL,8904,39144,48048
20200403,IN,3437,14398,17835
20200403,KS,620,6454,7074
20200403,KY,770,12034,12804
20200403,LA,10297,43348,53645
20200403,MA,10303,52685,62988
20200403,MD,2758,20932,23690
20200403,ME,432,6088,6520
20200403,MI,15252,33670,48922
20200403,MN,789,23438,24227
20200403,MO,2113,19357,21470
20200403,MP,8,13,21
20200403,MS,1358,4753,6111
20200403,MT,243,5333,5576
20200403,NC,2093,29505,31598
20200403,ND,173,5625,5798
20200403,NE,279,4487,4766
20200403,NH,479,6575,7054
20200403,NJ,29895,37608,67503
20200403,NM,403,14375,14778
20200403,NV,1514,13018,14532
20200403,NY,102863,157657,260520
20200403,OH,3312,35063,38375
20200403,OK,988,1315,2303
20200403,OR,899,16535,17434
20200403,PA,8420,53695,62115
20200403,PR,378,2049,2427
20200403,RI,709,4857,5566
20200403,SC,1554,5441,6995
20200403,SD,187,4593,4780
20200403,TN,3067,34772,37839
20200403,TX,5330,50434,55764
20200403,UT,1246,23002,24248
20200403,VA,2012,16993,19005
20200403,VI,38,154,192
20200403,VT,389,4839,5228
20200403,WA,7424,91184,98608
20200403,WI,1912,22377,24289
20200403,WV,237,6130,6367
20200403,WY,162,2704,2866
20200402,AK,143,4879,5022
20200402,AL,1233,7503,8736
20200402,AR,643,7880,8523
20200402,AS,0,3,3
20200402,AZ,1598,21111,22709
20200402,CA,9191,23809,33000
20200402,CO,3342,15303,18645
20200402,CT,3824,14476,18300
20200402,DC,653,4417,5070
20200402,DE,393,4566,4959
20200402,FL,8010,69286,77296
20200402,GA,5348,17609,22957
20200402,GU,82,442,524
20200402,HI,258,10206,10464
20200402,IA,614,8054,8668
20200402,ID,669,6613,7282
20200402,IL,7695,35961,43656
20200402,IN,3039,13246,16285
20200402,KS,552,6059,6611
20200402,KY,680,7220,7900
20200402,LA,9150,41936,51086
20200402,MA,8867,47767,56634
20200402,MD,2331,18890,21221
20200402,ME,376,6088,6464
20200402,MI,14117,30368,44485
20200402,MN,742,21652,22394
20200402,MO,1834,17849,19683
20200402,MP,8,13,21
20200402,MS,1177,4753,5930
20200402,MT,227,5093,5320
20200402,NC,1857,26822,28679
20200402,ND,159,4821,4980
20200402,NE,246,3978,4224
20200402,NH,415,6078,6493
20200402,NJ,25590,33520,59110
20200402,NM,363,13648,14011
20200402,NV,1458,12588,14046
20200402,NY,92381,146584,238965
20200402,OH,2902,32016,34918
20200402,OK,879,1265,2144
20200402,OR,826,15259,16085
20200402,PA,7016,47698,54714
20200402,PR,316,1604,1920
20200402,RI,657,4412,5069
20200402,SC,1554,5441,6995
20200402,SD,165,4217,4382
20200402,TN,2845,31766,34611
20200402,TX,4669,46010,50679
20200402,UT,1074,20155,21229
20200402,VA,1706,15883,17589
20200402,VI,33,149,182
20200402,VT,338,4711,5049
20200402,WA,6893,86889,93782
20200402,WI,1730,20317,22047
20200402,WV,217,5276,5493
20200402,WY,150,2439,2589
20200401,AK,133,4470,4603
20200401,AL,1077,6697,7774
20200401,AR,584,7354,7938
20200401,AS,0,3,3
20200401,AZ,1413,19645,21058
20200401,CA,8155,21772,29927
20200401,CO,2966,13883,16849
20200401,CT,3557,13043,16600
20200401,DC,586,3262,3848
20200401,DE,368,4015,4383
20200401,FL,6955,59529,66484
20200401,GA,4638,15688,20326
20200401,GU,77,406,483
20200401,HI,208,8721,8929
20200401,IA,549,7304,7853
20200401,ID,525,6076,6601
20200401,IL,6980,33404,40384
20200401,IN,2565,11810,14375
20200401,KS,482,5411,5893
20200401,KY,591,6965,7556
20200401,LA,6424,39352,45776
20200401,MA,7639,44125,51764
20200401,MD,1985,17233,19218
20200401,ME,344,6088,6432
20200401,MI,12888,27237,40125
20200401,MN,689,20502,21191
20200401,MO,1581,15846,17427
20200401,MP,6,,6
20200401,MS,1073,3712,4785
20200401,MT,208,4710,4918
20200401,NC,1584,24659,26243
20200401,ND,142,4351,4493
20200401,NE,210,3475,3685
20200401,NH,415,5985,6400
20200401,NJ,22255,30387,52642
20200401,NM,315,12925,13240
20200401,NV,1279,11519,12798
20200401,NY,83712,137168,220880
20200401,OH,2547,26992,29539
20200401,OK,719,1248,1967
20200401,OR,736,13136,13872
20200401,PA,5805,42427,48232
20200401,PR,286,1409,1695
20200401,RI,566,3831,4397
20200401,SC,1293,5033,6326
20200401,SD,129,3903,4032
20200401,TN,2683,29769,32452
20200401,TX,3997,43860,47857
20200401,UT,1012,20155,21167
20200401,VA,1484,13860,15344
20200401,VI,30,126,156
20200401,VT,321,4174,4495
20200401,WA,6540,82557,89097
20200401,WI,1550,18819,20369
20200401,WV,191,4384,4575
20200401,WY,130,2218,2348
20200331,AK,119,3594,3713
20200331,AL,981,6298,7279
20200331,AR,523,5959,6482
20200331,AS,0,3,3
20200331,AZ,1289,18082,19371
20200331,CA,7482,21772,29254
20200331,CO,2627,12737,15364
20200331,CT,3128,13029,16157
20200331,DC,495,3262,3757
20200331,DE,319,3696,4015
20200331,FL,6338,54285,60623
20200331,GA,3929,12252,16181
20200331,GU,69,371,440
20200331,HI,204,8471,8675
20200331,IA,497,6888,7385
20200331,ID,415,5297,5712
20200331,IL,5994,29231,35225
20200331,IN,2159,11214,13373
20200331,KS,428,4996,5424
20200331,KY,480,6330,6810
20200331,LA,5237,33730,38967
20200331,MA,6521,40440,46961
20200331,MD,1660,14868,16528
20200331,ME,303,6088,6391
20200331,MI,11875,23979,35854
20200331,MN,629,19151,19780
20200331,MO,1327,14614,15941
20200331,MP,2,,2
20200331,MS,937,3537,4474
20200331,MT,184,4234,4418
20200331,NC,1498,21608,23106
20200331,ND,126,4131,4257
20200331,NE,172,2931,3103
20200331,NH,314,5413,5727
20200331,NJ,18696,27077,45773
20200331,NM,281,12246,12527
20200331,NV,1113,10681,11794
20200331,NY,75795,129391,205186
20200331,OH,2199,26992,29191
20200331,OK,565,1229,1794
20200331,OR,690,13136,13826
20200331,PA,4843,37645,42488
20200331,PR,239,1195,1434
20200331,RI,489,3476,3965
20200331,SC,1083,4616,5699
20200331,SD,108,3609,3717
20200331,TN,2239,25121,27360
20200331,TX,3266,39726,42992
20200331,UT,887,17626,18513
20200331,VA,1250,12151,13401
20200331,VI,30,126,156
20200331,VT,293,3957,4250
20200331,WA,6049,78384,84433
20200331,WI,1351,17375,18726
20200331,WV,162,3981,4143
20200331,WY,109,1999,2108
20200330,AK,114,3540,3654
20200330,AL,859,5694,6553
20200330,AR,473,5262,5735
20200330,AS,,,0
20200330,AZ,1157,15602,16759
20200330,CA,6447,20549,26996
20200330,CO,2627,12737,15364
20200330,CT,2571,12029,14600
20200330,DC,401,2682,3083
20200330,DE,264,2216,2480
20200330,FL,5473,48225,53698
20200330,GA,2809,9915,12724
20200330,GU,58,352,410
20200330,HI,175,7825,8000
20200330,IA,424,6162,6586
20200330,ID,310,4396,4706
20200330,IL,5057,25389,30446
20200330,IN,1786,9872,11658
20200330,KS,368,4554,4922
20200330,KY,439,5579,6018
20200330,LA,4025,30008,34033
20200330,MA,5653,37166,42819
20200330,MD,1413,13316,14729
20200330,ME,275,3394,3669
20200330,MI,10901,21183,32084
20200330,MN,576,18246,18822
20200330,MO,1031,13204,14235
20200330,MP,2,,2
20200330,MS,847,2989,3836
20200330,MT,171,4143,4314
20200330,NC,1307,19557,20864
20200330,ND,109,3728,3837
20200330,NE,145,2584,2729
20200330,NH,314,5386,5700
20200330,NJ,16636,25224,41860
20200330,NM,237,10942,11179
20200330,NV,1008,10207,11215
20200330,NY,66497,119971,186468
20200330,OH,1933,25342,27275
20200330,OK,481,1207,1688
20200330,OR,606,12277,12883
20200330,PA,4087,33777,37864
20200330,PR,174,931,1105
20200330,RI,402,3187,3589
20200330,SC,925,4160,5085
20200330,SD,101,3478,3579
20200330,TN,1834,21470,23304
20200330,TX,2877,33003,35880
20200330,UT,806,15197,16003
20200330,VA,1020,11018,12038
20200330,VI,30,126,156
20200330,VT,256,3674,3930
20200330,WA,5589,74258,79847
20200330,WI,1221,15856,17077
20200330,WV,126,2984,3110
20200330,WY,94,1840,1934
20200329,AK,102,3232,3334
20200329,AL,806,4184,4990
20200329,AR,426,3027,3453
20200329,AS,,,0
20200329,AZ,919,12953,13872
20200329,CA,5708,20549,26257
20200329,CO,2061,11215,13276
20200329,CT,1993,9907,11900
20200329,DC,342,2469,2811
20200329,DE,232,36,268
20200329,FL,4246,39070,43316
20200329,GA,2651,9913,12564
20200329,GU,56,334,390
20200329,HI,151,6849,7000
20200329,IA,336,5013,5349
20200329,ID,261,4021,4282
20200329,IL,4596,23166,27762
20200329,IN,1514,8316,9830
20200329,KS,319,4194,4513
20200329,KY,394,5147,5541
20200329,LA,3540,24331,27871
20200329,MA,4856,34234,39090
20200329,MD,1239,12354,13593
20200329,ME,253,3394,3647
20200329,MI,10010,15676,25686
20200329,MN,503,17154,17657
20200329,MO,838,11547,12385
20200329,MP,2,,2
20200329,MS,758,2560,3318
20200329,MT,154,4143,4297
20200329,NC,1040,17905,18945
20200329,ND,98,3355,3453
20200329,NE,108,1968,2076
20200329,NH,214,4524,4738
20200329,NJ,13386,22216,35602
20200329,NM,237,10769,11006
20200329,NV,738,8412,9150
20200329,NY,59513,112847,172360
20200329,OH,1653,19012,20665
20200329,OK,429,1205,1634
20200329,OR,548,10878,11426
20200329,PA,3394,30061,33455
20200329,PR,127,841,968
20200329,RI,294,2840,3134
20200329,SC,774,3015,3789
20200329,SD,90,3127,3217
20200329,TN,1537,19037,20574
20200329,TX,2552,23208,25760
20200329,UT,719,13274,13993
20200329,VA,890,9719,10609
20200329,VI,23,123,146
20200329,VT,235,3466,3701
20200329,WA,5121,69788,74909
20200329,WI,1112,16550,17662
20200329,WV,113,2705,2818
20200329,WY,86,1554,1640
20200328,AK,85,2836,2921
20200328,AL,696,4184,4880
20200328,AR,404,2938,3342
20200328,AS,,,0
20200328,AZ,873,7455,8328
20200328,CA,4643,20549,25192
20200328,CO,1734,9942,11676
20200328,CT,1291,7109,8400
20200328,DC,304,2211,2515
20200328,DE,214,36,250
20200328,FL,3763,35366,39129
20200328,GA,2366,8685,11051
20200328,GU,55,299,354
20200328,HI,120,4357,4477
20200328,IA,298,4375,4673
20200328,ID,230,3342,3572
20200328,IL,3491,22000,25491
20200328,IN,1232,7175,8407
20200328,KS,261,3671,3932
20200328,KY,302,4821,5123
20200328,LA,3315,21846,25161
20200328,MA,4158,30915,35073
20200328,MD,992,11516,12508
20200328,ME,211,3394,3605
20200328,MI,9287,14183,23470
20200328,MN,441,15688,16129
20200328,MO,838,10082,10920
20200328,MP,2,,2
20200328,MS,663,2560,3223
20200328,MT,129,3256,3385
20200328,NC,935,16592,17527
20200328,ND,83,2809,2892
20200328,NE,96,1904,2000
20200328,NH,187,3656,3843
20200328,NJ,11124,19386,30510
20200328,NM,191,9196,9387
20200328,NV,621,7901,8522
20200328,NY,52318,103616,155934
20200328,OH,1406,19012,20418
20200328,OK,377,1180,1557
20200328,OR,479,9693,10172
20200328,PA,2751,25254,28005
20200328,PR,100,739,839
20200328,RI,239,2541,2780
20200328,SC,539,2408,2947
20200328,SD,68,2592,2660
20200328,TN,1373,16965,18338
20200328,TX,2052,23208,25260
20200328,UT,602,10710,11312
20200328,VA,739,8427,9166
20200328,VI,22,106,128
20200328,VT,211,2163,2374
20200328,WA,4737,68202,72939
20200328,WI,989,15232,16221
20200328,WV,96,2331,2427
20200328,WY,82,1475,1557
20200327,AK,69,2319,2388
20200327,AL,587,4184,4771
20200327,AR,381,1545,1926
20200327,AS,,,0
20200327,AZ,736,7455,8191
20200327,CA,3879,17380,21259
20200327,CO,1430,8692,10122
20200327,CT,1291,7109,8400
20200327,DC,267,1897,2164
20200327,DE,163,36,199
20200327,FL,2765,28186,30951
20200327,GA,2001,7864,9865
20200327,GU,51,299,350
20200327,HI,106,4357,4463
20200327,IA,235,3740,3975
20200327,ID,189,2668,2857
20200327,IL,3026,18516,21542
20200327,IN,981,5955,6936
20200327,KS,202,3229,3431
20200327,KY,248,3768,4016
20200327,LA,2746,18613,21359
20200327,MA,3151,26244,29395
20200327,MD,774,94,868
20200327,ME,168,3394,3562
20200327,MI,8659,12639,21298
20200327,MN,398,13605,14003
20200327,MO,669,369,1038
20200327,MP,0,,0
20200327,MS,579,2560,3139
20200327,MT,108,2590,2698
20200327,NC,763,14373,15136
20200327,ND,65,2427,2492
20200327,NE,85,1761,1846
20200327,NH,158,3395,3553
20200327,NJ,8825,16547,25372
20200327,NM,136,8377,8513
20200327,NV,535,6161,6696
20200327,NY,44635,101118,145753
20200327,OH,1137,19012,20149
20200327,OK,322,1084,1406
20200327,OR,414,8510,8924
20200327,PA,2218,21016,23234
20200327,PR,79,519,598
20200327,RI,203,2306,2509
20200327,SC,456,2307,2763
20200327,SD,58,2387,2445
20200327,TN,1203,14888,16091
20200327,TX,1731,21935,23666
20200327,UT,480,8764,9244
20200327,VA,604,6733,7337
20200327,VI,19,55,74
20200327,VT,184,2077,2261
20200327,WA,4305,65887,70192
20200327,WI,842,13140,13982
20200327,WV,76,1779,1855
20200327,WY,70,1211,1281
20200326,AK,59,1801,1860
20200326,AL,506,3593,4099
20200326,AR,335,1504,1839
20200326,AS,,,0
20200326,AZ,577,347,924
20200326,CA,3006,17380,20386
20200326,CO,1086,6978,8064
20200326,CT,1012,5625,6637
20200326,DC,231,1626,1857
20200326,DE,130,36,166
20200326,FL,2355,23741,26096
20200326,GA,1525,7401,8926
20200326,GU,45,263,308
20200326,HI,95,4357,4452
20200326,IA,179,2578,2757
20200326,ID,123,2065,2188
20200326,IL,2538,14093,16631
20200326,IN,645,4006,4651
20200326,KS,168,2869,3037
20200326,KY,198,3102,3300
20200326,LA,2305,15724,18029
20200326,MA,2318,21327,23645
20200326,MD,580,94,674
20200326,ME,155,3394,3549
20200326,MI,7767,10305,18072
20200326,MN,346,12604,12950
20200326,MO,502,369,871
20200326,MP,0,,0
20200326,MS,485,2291,2776
20200326,MT,71,2128,2199
20200326,NC,636,12274,12910
20200326,ND,52,2039,2091
20200326,NE,73,1584,1657
20200326,NH,137,3001,3138
20200326,NJ,6876,13661,20537
20200326,NM,112,7681,7793
20200326,NV,420,4697,5117
20200326,NY,37258,84846,122104
20200326,OH,867,16449,17316
20200326,OK,248,958,1206
20200326,OR,327,6953,7280
20200326,PA,1687,16441,18128
20200326,PR,64,377,441
20200326,RI,165,1262,1427
20200326,SC,456,2307,2763
20200326,SD,46,1973,2019
20200326,TN,957,13952,14909
20200326,TX,1396,20028,21424
20200326,UT,402,7308,7710
20200326,VA,460,5729,6189
20200326,VI,17,55,72
20200326,VT,158,1850,2008
20200326,WA,3822,61987,65809
20200326,WI,707,11583,12290
20200326,WV,51,1031,1082
20200326,WY,53,1052,1105
20200325,AK,42,1649,1691
20200325,AL,283,2529,2812
20200325,AR,280,1437,1717
20200325,AS,,,0
20200325,AZ,450,323,773
20200325,CA,2355,15921,18276
20200325,CO,912,6789,7701
20200325,CT,875,5023,5898
20200325,DC,183,1423,1606
20200325,DE,115,36,151
20200325,FL,1682,15374,17056
20200325,GA,1247,4932,6179
20200325,GU,37,233,270
20200325,HI,90,4357,4447
20200325,IA,145,2578,2723
20200325,ID,73,1887,1960
20200325,IL,1865,12344,14209
20200325,IN,477,2879,3356
20200325,KS,126,2360,2486
20200325,KY,157,2865,3022
20200325,LA,1795,9656,11451
20200325,MA,1739,18079,19818
20200325,MD,423,94,517
20200325,ME,149,3177,3326
20200325,MI,7060,7537,14597
20200325,MN,287,11188,11475
20200325,MO,356,369,725
20200325,MP,0,,0
20200325,MS,377,1566,1943
20200325,MT,53,1948,2001
20200325,NC,504,9985,10489
20200325,ND,39,1734,1773
20200325,NE,61,1304,1365
20200325,NH,108,2356,2464
20200325,NJ,4402,10452,14854
20200325,NM,100,6742,6842
20200325,NV,321,4251,4572
20200325,NY,30811,72668,103479
20200325,OH,704,14060,14764
20200325,OK,164,805,969
20200325,OR,209,4350,4559
20200325,PA,1127,11193,12320
20200325,PR,51,317,368
20200325,RI,132,1262,1394
20200325,SC,424,2303,2727
20200325,SD,41,819,860
20200325,TN,784,11012,11796
20200325,TX,974,12520,13494
20200325,UT,346,6491,6837
20200325,VA,391,4979,5370
20200325,VI,17,55,72
20200325,VT,123,1589,1712
20200325,WA,3339,57929,61268
20200325,WI,585,10089,10674
20200325,WV,39,759,798
20200325,WY,44,954,998
20200324,AK,36,986,1022
20200324,AL,215,2106,2321
20200324,AR,218,947,1165
20200324,AS,,,0
20200324,AZ,357,313,670
20200324,CA,2102,13452,15554
20200324,CO,720,5504,6224
20200324,CT,618,4682,5300
20200324,DC,137,1195,1332
20200324,DE,91,36,127
20200324,FL,1412,13127,14539
20200324,GA,1026,4458,5484
20200324,GU,32,201,233
20200324,HI,77,3589,3666
20200324,IA,124,2315,2439
20200324,ID,50,1887,1937
20200324,IL,1535,9934,11469
20200324,IN,365,2566,2931
20200324,KS,98,2086,2184
20200324,KY,124,1762,1886
20200324,LA,1388,7215,8603
20200324,MA,1060,12714,13774
20200324,MD,349,94,443
20200324,ME,125,3014,3139
20200324,MI,6441,5796,12237
20200324,MN,262,5550,5812
20200324,MO,183,369,552
20200324,MP,0,,0
20200324,MS,320,1552,1872
20200324,MT,46,1643,1689
20200324,NC,398,8141,8539
20200324,ND,34,1454,1488
20200324,NE,52,975,1027
20200324,NH,101,1447,1548
20200324,NJ,3675,8325,12000
20200324,NM,83,5890,5973
20200324,NV,278,3954,4232
20200324,NY,25665,65605,91270
20200324,OH,564,140,704
20200324,OK,106,735,841
20200324,OR,209,4350,4559
20200324,PA,851,8643,9494
20200324,PR,39,268,307
20200324,RI,124,1200,1324
20200324,SC,298,2012,2310
20200324,SD,30,790,820
20200324,TN,667,10517,11184
20200324,TX,410,10757,11167
20200324,UT,299,5524,5823
20200324,VA,290,4180,4470
20200324,VI,17,,17
20200324,VT,95,1440,1535
20200324,WA,2877,53341,56218
20200324,WI,457,8237,8694
20200324,WV,20,610,630
20200324,WY,29,710,739
20200323,AK,22,946,968
20200323,AL,167,1665,1832
20200323,AR,174,906,1080
20200323,AS,,,0
20200323,AZ,265,309,574
20200323,CA,1733,12567,14300
20200323,CO,591,4845,5436
20200323,CT,415,4085,4500
20200323,DC,116,1113,1229
20200323,DE,68,36,104
20200323,FL,1171,11063,12234
20200323,GA,772,4297,5069
20200323,GU,29,161,190
20200323,HI,56,2955,3011
20200323,IA,105,2043,2148
20200323,ID,47,1309,1356
20200323,IL,1273,8583,9856
20200323,IN,259,1701,1960
20200323,KS,82,417,499
20200323,KY,104,1762,1866
20200323,LA,1172,4776,5948
20200323,MA,678,8263,8941
20200323,MD,288,94,382
20200323,ME,107,2791,2898
20200323,MI,5789,4697,10486
20200323,MN,235,4511,4746
20200323,MO,183,369,552
20200323,MP,0,,0
20200323,MS,249,1143,1392
20200323,MT,34,1146,1180
20200323,NC,297,8141,8438
20200323,ND,30,1353,1383
20200323,NE,50,356,406
20200323,NH,78,1374,1452
20200323,NJ,2844,359,3203
20200323,NM,65,5321,5386
20200323,NV,245,3490,3735
20200323,NY,20875,57414,78289
20200323,OH,442,140,582
20200323,OK,81,694,775
20200323,OR,191,3649,3840
20200323,PA,644,6595,7239
20200323,PR,31,189,220
20200323,RI,106,1143,1249
20200323,SC,298,1466,1764
20200323,SD,28,762,790
20200323,TN,615,3272,3887
20200323,TX,352,9703,10055
20200323,UT,257,4790,5047
20200323,VA,254,3443,3697
20200323,VI,17,,17
20200323,VT,75,1106,1181
20200323,WA,2496,48492,50988
20200323,WI,416,7050,7466
20200323,WV,16,444,460
20200323,WY,26,592,618
20200322,AK,22,946,968
20200322,AL,138,1464,1602
20200322,AR,165,711,876
20200322,AS,,,0
20200322,AZ,152,282,434
20200322,CA,1536,11304,12840
20200322,CO,475,4075,4550
20200322,CT,223,2877,3100
20200322,DC,98,957,1055
20200322,DE,56,36,92
20200322,FL,830,7990,8820
20200322,GA,600,3420,4020
20200322,GU,27,126,153
20200322,HI,48,263,311
20200322,IA,90,1215,1305
20200322,ID,42,1175,1217
20200322,IL,1049,7271,8320
20200322,IN,201,1293,1494
20200322,KS,64,417,481
20200322,KY,99,1472,1571
20200322,LA,837,2661,3498
20200322,MA,547,5476,6023
20200322,MD,244,94,338
20200322,ME,89,2264,2353
20200322,MI,5098,3712,8810
20200322,MN,169,4511,4680
20200322,MO,90,369,459
20200322,MP,0,,0
20200322,MS,207,1114,1321
20200322,MT,31,1146,1177
20200322,NC,255,6183,6438
20200322,ND,28,1260,1288
20200322,NE,48,356,404
20200322,NH,65,1188,1253
20200322,NJ,1914,327,2241
20200322,NM,57,4722,4779
20200322,NV,190,2448,2638
20200322,NY,15168,46233,61401
20200322,OH,351,140,491
20200322,OK,67,669,736
20200322,OR,161,2864,3025
20200322,PA,479,4964,5443
20200322,PR,23,183,206
20200322,RI,83,932,1015
20200322,SC,195,1466,1661
20200322,SD,21,740,761
20200322,TN,505,3272,3777
20200322,TX,334,8422,8756
20200322,UT,181,3508,3689
20200322,VA,219,3118,3337
20200322,VI,6,,6
20200322,VT,52,1106,1158
20200322,WA,2284,43640,45924
20200322,WI,385,6230,6615
20200322,WV,12,385,397
20200322,WY,24,438,462
20200321,AK,14,758,772
20200321,AL,124,28,152
20200321,AR,118,567,685
20200321,AS,,,0
20200321,AZ,104,240,344
20200321,CA,1279,11249,12528
20200321,CO,363,3317,3680
20200321,CT,194,2106,2300
20200321,DC,77,506,583
20200321,DE,45,36,81
20200321,FL,658,6579,7237
20200321,GA,507,2557,3064
20200321,GU,15,108,123
20200321,HI,37,124,161
20200321,IA,68,1049,1117
20200321,ID,31,880,911
20200321,IL,753,5488,6241
20200321,IN,126,707,833
20200321,KS,55,417,472
20200321,KY,54,714,768
20200321,LA,580,2180,2760
20200321,MA,426,4799,5225
20200321,MD,190,94,284
20200321,ME,73,2264,2337
20200321,MI,4543,3696,8239
20200321,MN,138,3952,4090
20200321,MO,73,369,442
20200321,MP,0,,0
20200321,MS,140,695,835
20200321,MT,20,1146,1166
20200321,NC,184,5092,5276
20200321,ND,28,1141,1169
20200321,NE,38,356,394
20200321,NH,55,973,1028
20200321,NJ,1327,294,1621
20200321,NM,57,3771,3828
20200321,NV,124,2384,2508
20200321,NY,10356,35081,45437
20200321,OH,247,140,387
20200321,OK,53,560,613
20200321,OR,114,2003,2117
20200321,PA,371,3766,4137
20200321,PR,21,143,164
20200321,RI,66,862,928
20200321,SC,152,1255,1407
20200321,SD,14,691,705
20200321,TN,371,3272,3643
20200321,TX,304,6218,6522
20200321,UT,136,2424,2560
20200321,VA,152,2638,2790
20200321,VI,6,,6
20200321,VT,29,779,808
20200321,WA,2042,41936,43978
20200321,WI,281,4628,4909
20200321,WV,11,330,341
20200321,WY,23,438,461
20200320,AK,12,686,698
20200320,AL,81,28,109
20200320,AR,96,351,447
20200320,AS,,,0
20200320,AZ,65,211,276
20200320,CA,1063,10424,11487
20200320,CO,277,2675,2952
20200320,CT,194,604,798
20200320,DC,71,501,572
20200320,DE,38,36,74
20200320,FL,520,1870,2390
20200320,GA,420,1966,2386
20200320,GU,14,86,100
20200320,HI,26,124,150
20200320,IA,45,642,687
20200320,ID,23,590,613
20200320,IL,585,3696,4281
20200320,IN,79,475,554
20200320,KS,44,417,461
20200320,KY,47,592,639
20200320,LA,473,568,1041
20200320,MA,314,3795,4109
20200320,MD,149,94,243
20200320,ME,57,2264,2321
20200320,MI,4027,2746,6773
20200320,MN,115,3741,3856
20200320,MO,47,369,416
20200320,MP,0,,0
20200320,MS,80,695,775
20200320,MT,16,931,947
20200320,NC,137,3096,3233
20200320,ND,20,800,820
20200320,NE,32,240,272
20200320,NH,44,745,789
20200320,NJ,890,264,1154
20200320,NM,43,3771,3814
20200320,NV,109,1992,2101
20200320,NY,7102,25325,32427
20200320,OH,169,140,309
20200320,OK,49,538,587
20200320,OR,114,2003,2117
20200320,PA,268,2574,2842
20200320,PR,14,114,128
20200320,RI,54,800,854
20200320,SC,81,833,914
20200320,SD,14,663,677
20200320,TN,228,563,791
20200320,TX,194,5083,5277
20200320,UT,112,2035,2147
20200320,VA,114,2211,2325
20200320,VI,3,,3
20200320,VT,29,779,808
20200320,WA,1804,39828,41632
20200320,WI,206,3455,3661
20200320,WV,7,219,226
20200320,WY,19,331,350
20200319,AK,6,432,438
20200319,AL,68,28,96
20200319,AR,46,310,356
20200319,AS,,,0
20200319,AZ,44,175,219
20200319,CA,924,8787,9711
20200319,CO,216,2112,2328
20200319,CT,96,604,700
20200319,DC,39,153,192
20200319,DE,30,36,66
20200319,FL,390,1533,1923
20200319,GA,287,1544,1831
20200319,GU,12,69,81
20200319,HI,16,93,109
20200319,IA,38,83,121
20200319,ID,11,459,470
20200319,IL,422,2725,3147
20200319,IN,56,324,380
20200319,KS,34,417,451
20200319,KY,35,454,489
20200319,LA,347,458,805
20200319,MA,229,2918,3147
20200319,MD,107,94,201
20200319,ME,53,2004,2057
20200319,MI,3392,1785,5177
20200319,MN,89,2949,3038
20200319,MO,24,308,332
20200319,MP,0,,0
20200319,MS,50,552,602
20200319,MT,12,761,773
20200319,NC,97,2408,2505
20200319,ND,15,493,508
20200319,NE,27,240,267
20200319,NH,39,621,660
20200319,NJ,742,210,952
20200319,NM,35,2762,2797
20200319,NV,95,1626,1721
20200319,NY,4152,18132,22284
20200319,OH,119,140,259
20200319,OK,44,466,510
20200319,OR,88,1329,1417
20200319,PA,185,1608,1793
20200319,PR,5,56,61
20200319,RI,44,654,698
20200319,SC,60,583,643
20200319,SD,11,551,562
20200319,TN,154,349,503
20200319,TX,143,2212,2355
20200319,UT,78,1448,1526
20200319,VA,94,1829,1923
20200319,VI,3,,3
20200319,VT,22,645,667
20200319,WA,1563,36060,37623
20200319,WI,155,2192,2347
20200319,WV,2,143,145
20200319,WY,18,271,289
20200318,AK,6,406,412
20200318,AL,46,28,74
20200318,AR,33,236,269
20200318,AS,,,0
20200318,AZ,28,148,176
20200318,CA,611,7981,8592
20200318,CO,183,1617,1800
20200318,CT,68,125,193
20200318,DC,31,138,169
20200318,DE,25,36,61
20200318,FL,314,1225,1539
20200318,GA,197,1311,1508
20200318,GU,8,57,65
20200318,HI,14,93,107
20200318,IA,29,83,112
20200318,ID,9,459,468
20200318,IL,288,1763,2051
20200318,IN,39,154,193
20200318,KS,16,417,433
20200318,KY,26,354,380
20200318,LA,240,335,575
20200318,MA,156,2115,2271
20200318,MD,85,94,179
20200318,ME,43,1670,1713
20200318,MI,2913,1215,4128
20200318,MN,77,2685,2762
20200318,MO,13,253,266
20200318,MP,0,,0
20200318,MS,34,479,513
20200318,MT,10,499,509
20200318,NC,63,1787,1850
20200318,ND,6,268,274
20200318,NE,24,206,230
20200318,NH,26,513,539
20200318,NJ,427,190,617
20200318,NM,28,2326,2354
20200318,NV,55,168,223
20200318,NY,2382,12215,14597
20200318,OH,88,140,228
20200318,OK,29,378,407
20200318,OR,75,1118,1193
20200318,PA,133,1187,1320
20200318,PR,5,31,36
20200318,RI,33,540,573
20200318,SC,60,583,643
20200318,SD,11,551,562
20200318,TN,98,349,447
20200318,TX,83,1824,1907
20200318,UT,63,131,194
20200318,VA,77,1201,1278
20200318,VI,2,,2
20200318,VT,19,592,611
20200318,WA,1414,31842,33256
20200318,WI,106,1577,1683
20200318,WV,1,122,123
20200318,WY,15,178,193
20200317,AK,3,334,337
20200317,AL,36,28,64
20200317,AR,22,197,219
20200317,AS,,,0
20200317,AZ,20,142,162
20200317,CA,483,7981,8464
20200317,CO,160,1056,1216
20200317,CT,41,125,166
20200317,DC,22,104,126
20200317,DE,16,36,52
20200317,FL,186,940,1126
20200317,GA,146,,146
20200317,GU,5,41,46
20200317,HI,10,,10
20200317,IA,23,83,106
20200317,ID,7,346,353
20200317,IL,159,1340,1499
20200317,IN,30,129,159
20200317,KS,15,382,397
20200317,KY,22,295,317
20200317,LA,137,286,423
20200317,MA,118,1633,1751
20200317,MD,57,94,151
20200317,ME,32,1303,1335
20200317,MI,2393,626,3019
20200317,MN,60,2276,2336
20200317,MO,8,207,215
20200317,MP,0,,0
20200317,MS,21,368,389
20200317,MT,8,303,311
20200317,NC,40,474,514
20200317,ND,3,220,223
20200317,NE,21,206,227
20200317,NH,17,355,372
20200317,NJ,267,163,430
20200317,NM,23,1249,1272
20200317,NV,55,168,223
20200317,NY,1700,5506,7206
20200317,OH,67,140,207
20200317,OK,17,247,264
20200317,OR,47,689,736
20200317,PA,96,879,975
20200317,PR,5,13,18
20200317,RI,23,403,426
20200317,SC,33,311,344
20200317,SD,11,551,562
20200317,TN,73,330,403
20200317,TX,64,1204,1268
20200317,UT,51,131,182
20200317,VA,67,961,1028
20200317,VI,2,,2
20200317,VT,10,495,505
20200317,WA,1240,27368,28608
20200317,WI,72,1038,1110
20200317,WV,0,80,80
20200317,WY,10,95,105
20200316,AK,1,143,144
20200316,AL,28,28,56
20200316,AR,22,132,154
20200316,AS,,,0
20200316,AZ,18,125,143
20200316,CA,335,7981,8316
20200316,CO,131,627,758
20200316,CT,26,125,151
20200316,DC,17,96,113
20200316,DE,8,36,44
20200316,FL,141,684,825
20200316,GA,121,,121
20200316,GU,3,23,26
20200316,HI,7,,7
20200316,IA,22,83,105
20200316,ID,5,265,270
20200316,IL,93,932,1025
20200316,IN,24,115,139
20200316,KS,11,166,177
20200316,KY,21,234,255
20200316,LA,115,188,303
20200316,MA,97,1199,1296
20200316,MD,37,94,131
20200316,ME,17,764,781
20200316,MI,1933,272,2205
20200316,MN,54,1839,1893
20200316,MO,6,164,170
20200316,MP,0,,0
20200316,MS,12,277,289
20200316,MT,7,198,205
20200316,NC,33,296,329
20200316,ND,1,123,124
20200316,NE,18,170,188
20200316,NH,13,271,284
20200316,NJ,178,120,298
20200316,NM,17,566,583
20200316,NV,45,168,213
20200316,NY,950,4543,5493
20200316,OH,50,140,190
20200316,OK,10,174,184
20200316,OR,39,579,618
20200316,PA,76,670,746
20200316,PR,5,9,14
20200316,RI,21,308,329
20200316,SC,28,235,263
20200316,SD,10,494,504
20200316,TN,52,270,322
20200316,TX,57,,57
20200316,UT,39,131,170
20200316,VA,51,438,489
20200316,VI,1,,1
20200316,VT,8,421,429
20200316,WA,1067,22980,24047
20200316,WI,47,504,551
20200316,WV,0,80,80
20200316,WY,3,,3
20200315,AK,1,143,144
20200315,AL,12,28,40
20200315,AR,16,103,119
20200315,AZ,12,121,133
20200315,CA,293,916,1209
20200315,CO,131,627,758
20200315,CT,20,125,145
20200315,DC,16,79,95
20200315,DE,6,36,42
20200315,FL,116,678,794
20200315,GA,99,,99
20200315,HI,2,,2
20200315,IA,18,83,101
20200315,ID,5,174,179
20200315,IL,64,449,513
20200315,IN,19,102,121
20200315,KS,8,135,143
20200315,KY,16,139,155
20200315,LA,90,156,246
20200315,MA,64,584,648
20200315,MD,31,94,125
20200315,ME,3,91,94
20200315,MI,1480,205,1685
20200315,MN,35,1387,1422
20200315,MO,5,122,127
20200315,MS,10,84,94
20200315,MT,7,103,110
20200315,NC,32,227,259
20200315,ND,1,95,96
20200315,NE,17,80,97
20200315,NH,13,271,284
20200315,NJ,98,120,218
20200315,NM,13,482,495
20200315,NV,21,168,189
20200315,NY,729,4543,5272
20200315,OH,36,139,175
20200315,OK,9,118,127
20200315,OR,36,420,456
20200315,PA,63,205,268
20200315,RI,20,271,291
20200315,SC,19,154,173
20200315,SD,9,327,336
20200315,TN,39,157,196
20200315,TX,56,,56
20200315,UT,28,131,159
20200315,VA,45,363,408
20200315,VT,4,348,352
20200315,WA,939,18372,19311
20200315,WI,33,313,346
20200315,WV,0,38,38
20200315,WY,3,,3
20200314,AK,1,143,144
20200314,AL,6,22,28
20200314,AR,12,65,77
20200314,AZ,12,121,133
20200314,CA,252,916,1168
20200314,CO,101,610,711
20200314,CT,11,125,136
20200314,DC,10,49,59
20200314,DE,6,36,42
20200314,FL,77,478,555
20200314,GA,66,,66
20200314,HI,2,,2
20200314,IA,17,83,100
20200314,ID,2,174,176
20200314,IL,46,316,362
20200314,IN,15,74,89
20200314,KS,6,93,99
20200314,KY,14,139,153
20200314,LA,51,109,160
20200314,MA,38,,38
20200314,MD,26,94,120
20200314,ME,3,91,94
20200314,MI,1196,205,1401
20200314,MN,21,847,868
20200314,MO,4,90,94
20200314,MS,6,84,90
20200314,MT,5,103,108
20200314,NC,23,137,160
20200314,ND,1,54,55
20200314,NE,14,80,94
20200314,NH,7,212,219
20200314,NJ,50,97,147
20200314,NM,10,237,247
20200314,NV,20,168,188
20200314,NY,524,2779,3303
20200314,OH,13,50,63
20200314,OK,4,36,40
20200314,OR,30,337,367
20200314,PA,47,205,252
20200314,RI,20,198,218
20200314,SC,13,110,123
20200314,SD,9,182,191
20200314,TN,32,130,162
20200314,TX,51,,51
20200314,UT,6,131,137
20200314,VA,30,117,147
20200314,VT,4,227,231
20200314,WA,806,16783,17589
20200314,WI,19,169,188
20200314,WV,0,26,26
20200314,WY,2,,2
20200313,AK,1,59,60
20200313,AL,1,11,12
20200313,AR,9,30,39
20200313,AZ,9,94,103
20200313,CA,202,916,1118
20200313,CO,72,524,596
20200313,CT,6,99,105
20200313,DC,10,20,30
20200313,DE,4,30,34
20200313,FL,50,478,528
20200313,GA,42,,42
20200313,HI,2,,2
20200313,IA,16,83,99
20200313,ID,0,131,131
20200313,IL,32,294,326
20200313,IN,12,61,73
20200313,KS,6,93,99
20200313,KY,11,107,118
20200313,LA,36,37,73
20200313,MA,23,,23
20200313,MD,17,94,111
20200313,ME,3,91,94
20200313,MI,945,133,1078
20200313,MN,14,541,555
20200313,MO,2,71,73
20200313,MS,4,41,45
20200313,MT,1,55,56
20200313,NC,15,86,101
20200313,ND,1,39,40
20200313,NE,13,80,93
20200313,NH,6,94,100
20200313,NJ,50,97,147
20200313,NM,10,190,200
20200313,NV,11,168,179
20200313,NY,421,2779,3200
20200313,OH,13,50,63
20200313,OK,3,36,39
20200313,OR,30,337,367
20200313,PA,41,140,181
20200313,RI,14,142,156
20200313,SC,12,75,87
20200313,SD,9,73,82
20200313,TN,26,116,142
20200313,TX,39,,39
20200313,UT,6,131,137
20200313,VA,30,117,147
20200313,VT,2,142,144
20200313,WA,702,14598,15300
20200313,WI,19,169,188
20200313,WV,0,17,17
20200313,WY,1,,1
20200312,AK,0,46,46
20200312,AL,0,10,10
20200312,AR,6,24,30
20200312,AZ,9,82,91
20200312,CA,202,916,1118
20200312,CO,45,298,343
20200312,CT,6,89,95
20200312,DC,10,20,30
20200312,DE,4,23,27
20200312,FL,32,301,333
20200312,GA,31,,31
20200312,HI,2,,2
20200312,IA,14,67,81
20200312,ID,0,93,93
20200312,IL,25,266,291
20200312,IN,12,52,64
20200312,KS,4,41,45
20200312,KY,8,56,64
20200312,LA,14,37,51
20200312,MA,8,,8
20200312,MD,12,94,106
20200312,ME,1,65,66
20200312,MI,702,91,793
20200312,MN,9,307,316
20200312,MO,1,64,65
20200312,MS,1,41,42
20200312,MT,1,34,35
20200312,NC,12,60,72
20200312,ND,1,12,13
20200312,NE,10,80,90
20200312,NH,6,94,100
20200312,NJ,30,74,104
20200312,NM,5,155,160
20200312,NV,7,168,175
20200312,NY,216,92,308
20200312,OH,5,30,35
20200312,OK,3,36,39
20200312,OR,19,286,305
20200312,PA,22,116,138
20200312,RI,5,94,99
20200312,SC,10,48,58
20200312,SD,8,27,35
20200312,TN,18,79,97
20200312,TX,23,,23
20200312,UT,4,131,135
20200312,VA,17,117,134
20200312,VT,2,97,99
20200312,WA,551,10571,11122
20200312,WI,8,84,92
20200312,WV,0,7,7
20200312,WY,1,,1
20200311,AK,0,46,46
20200311,AL,0,10,10
20200311,AR,0,12,12
20200311,AZ,9,59,68
20200311,CA,157,916,1073
20200311,CO,28,251,279
20200311,CT,3,71,74
20200311,DC,5,20,25
20200311,DE,1,17,18
20200311,FL,28,301,329
20200311,GA,22,,22
20200311,HI,2,,2
20200311,IA,13,46,59
20200311,ID,0,67,67
20200311,IL,19,244,263
20200311,IN,10,33,43
20200311,KS,1,41,42
20200311,KY,8,46,54
20200311,LA,6,37,43
20200311,MD,9,94,103
20200311,ME,0,42,42
20200311,MI,497,57,554
20200311,MN,5,217,222
20200311,MO,1,,1
20200311,MS,0,20,20
20200311,MT,0,21,21
20200311,NC,7,,7
20200311,ND,0,7,7
20200311,NE,5,47,52
20200311,NH,4,38,42
20200311,NJ,24,57,81
20200311,NM,3,87,90
20200311,NV,5,168,173
20200311,NY,216,92,308
20200311,OH,4,21,25
20200311,OK,2,15,17
20200311,OR,19,286,305
20200311,PA,16,88,104
20200311,RI,5,94,99
20200311,SC,9,32,41
20200311,SD,5,13,18
20200311,TN,7,50,57
20200311,TX,21,,21
20200311,UT,2,,2
20200311,VA,9,60,69
20200311,VT,1,62,63
20200311,WA,481,6977,7458
20200311,WI,3,43,46
20200311,WV,0,3,3
20200311,WY,0,,0
20200310,AK,0,23,23
20200310,AL,0,0,0
20200310,AR,0,12,12
20200310,AZ,6,51,57
20200310,CA,133,690,823
20200310,CO,12,142,154
20200310,CT,2,54,56
20200310,DC,5,17,22
20200310,DE,0,17,17
20200310,FL,19,222,241
20200310,GA,17,,17
20200310,HI,2,,2
20200310,IA,8,32,40
20200310,ID,0,41,41
20200310,IL,19,244,263
20200310,IN,6,30,36
20200310,KS,1,17,18
20200310,KY,6,28,34
20200310,LA,1,11,12
20200310,MD,6,89,95
20200310,ME,0,20,20
20200310,MI,358,39,397
20200310,MN,3,132,135
20200310,MO,1,,1
20200310,MS,0,,0
20200310,MT,0,15,15
20200310,NC,7,,7
20200310,ND,0,6,6
20200310,NE,3,47,50
20200310,NH,4,38,42
20200310,NJ,15,44,59
20200310,NM,0,69,69
20200310,NV,1,14,15
20200310,NY,173,92,265
20200310,OH,3,14,17
20200310,OK,2,15,17
20200310,OR,15,213,228
20200310,PA,12,,12
20200310,RI,3,58,61
20200310,SC,7,24,31
20200310,SD,0,11,11
20200310,TN,7,,7
20200310,TX,13,,13
20200310,UT,2,,2
20200310,VA,8,53,61
20200310,VT,1,40,41
20200310,WA,397,4850,5247
20200310,WI,2,36,38
20200310,WV,0,2,2
20200310,WY,0,0,0
20200309,AK,0,23,23
20200309,AL,0,,0
20200309,AR,0,12,12
20200309,AZ,5,44,49
20200309,CA,114,690,804
20200309,CO,9,133,142
20200309,CT,1,46,47
20200309,DC,1,14,15
20200309,DE,0,15,15
20200309,FL,18,140,158
20200309,GA,12,,12
20200309,HI,2,,2
20200309,IA,3,26,29
20200309,ID,0,41,41
20200309,IL,7,191,198
20200309,IN,2,,2
20200309,KS,1,11,12
20200309,KY,4,17,21
20200309,LA,1,5,6
20200309,MD,5,73,78
20200309,ME,0,1,1
20200309,MI,254,36,290
20200309,MN,2,80,82
20200309,MO,1,,1
20200309,MS,0,,0
20200309,MT,0,11,11
20200309,NC,2,,2
20200309,ND,0,0,0
20200309,NE,3,36,39
20200309,NH,4,38,42
20200309,NJ,11,35,46
20200309,NM,0,57,57
20200309,NV,1,14,15
20200309,NY,142,92,234
20200309,OH,3,11,14
20200309,OK,1,8,9
20200309,OR,14,165,179
20200309,PA,10,,10
20200309,RI,3,30,33
20200309,SC,7,24,31
20200309,SD,0,5,5
20200309,TN,3,,3
20200309,TX,12,,12
20200309,UT,1,,1
20200309,VA,3,38,41
20200309,VT,1,34,35
20200309,WA,349,3173,3522
20200309,WI,1,36,37
20200309,WV,0,2,2
20200309,WY,0,,0
20200308,AK,0,14,14
20200308,AL,0,,0
20200308,AR,0,6,6
20200308,AZ,5,44,49
20200308,CA,88,462,550
20200308,CO,8,104,112
20200308,CT,1,29,30
20200308,DC,1,10,11
20200308,DE,0,10,10
20200308,FL,17,118,135
20200308,GA,7,,7
20200308,HI,1,,1
20200308,IA,0,15,15
20200308,ID,0,27,27
20200308,IL,6,191,197
20200308,IN,2,,2
20200308,KS,1,11,12
20200308,KY,1,13,14
20200308,LA,0,5,5
20200308,MD,3,52,55
20200308,ME,0,1,1
20200308,MI,168,26,194
20200308,MN,1,48,49
20200308,MO,1,,1
20200308,MS,0,,0
20200308,MT,0,11,11
20200308,NC,2,,2
20200308,ND,0,0,0
20200308,NE,1,17,18
20200308,NH,4,38,42
20200308,NJ,6,31,37
20200308,NM,0,48,48
20200308,NV,1,14,15
20200308,NY,105,92,197
20200308,OH,0,10,10
20200308,OK,1,8,9
20200308,OR,14,100,114
20200308,PA,6,,6
20200308,RI,3,30,33
20200308,SC,2,8,10
20200308,SD,0,5,5
20200308,TN,3,,3
20200308,TX,8,,8
20200308,UT,1,,1
20200308,VA,2,36,38
20200308,VT,1,28,29
20200308,WA,249,2208,2457
20200308,WI,1,31,32
20200308,WV,0,2,2
20200308,WY,0,,0
20200307,AK,0,12,12
20200307,AL,0,,0
20200307,AR,0,6,6
20200307,AZ,5,44,49
20200307,CA,69,462,531
20200307,CO,8,55,63
20200307,CT,0,,0
20200307,DC,0,8,8
20200307,DE,0,10,10
20200307,FL,14,100,114
20200307,GA,6,,6
20200307,HI,1,,1
20200307,IA,0,15,15
20200307,ID,0,27,27
20200307,IL,6,191,197
20200307,IN,1,,1
20200307,KS,0,11,11
20200307,KY,1,9,10
20200307,LA,0,,0
20200307,MD,3,41,44
20200307,ME,0,1,1
20200307,MI,128,18,146
20200307,MN,1,48,49
20200307,MO,0,,0
20200307,MS,0,,0
20200307,MT,0,11,11
20200307,NC,2,,2
20200307,ND,0,0,0
20200307,NE,1,17,18
20200307,NH,2,20,22
20200307,NJ,4,,4
20200307,NM,0,48,48
20200307,NV,1,14,15
20200307,NY,76,92,168
20200307,OH,0,9,9
20200307,OK,1,,1
20200307,OR,7,77,84
20200307,PA,4,,4
20200307,RI,2,30,32
20200307,SC,2,8,10
20200307,SD,0,5,5
20200307,TN,1,,1
20200307,TX,8,,8
20200307,UT,1,,1
20200307,VA,0,31,31
20200307,VT,0,16,16
20200307,WA,182,1746,1928
20200307,WI,1,31,32
20200307,WV,0,2,2
20200307,WY,0,,0
20200306,AK,0,8,8
20200306,AR,0,6,6
20200306,AZ,3,33,36
20200306,CA,60,462,522
20200306,CO,2,46,48
20200306,DC,0,8,8
20200306,DE,0,10,10
20200306,FL,9,55,64
20200306,GA,2,,2
20200306,IA,0,15,15
20200306,IL,5,180,185
20200306,IN,1,,1
20200306,KS,0,4,4
20200306,KY,0,7,7
20200306,MD,3,26,29
20200306,MI,98,8,106
20200306,MN,0,36,36
20200306,NC,2,,2
20200306,NE,0,17,17
20200306,NH,2,20,22
20200306,NJ,1,,1
20200306,NM,0,16,16
20200306,NV,1,14,15
20200306,NY,33,92,125
20200306,OH,0,8,8
20200306,OR,3,64,67
20200306,PA,2,,2
20200306,RI,3,17,20
20200306,SC,0,5,5
20200306,TN,1,,1
20200306,TX,5,,5
20200306,VA,0,21,21
20200306,VT,0,8,8
20200306,WA,150,1378,1528
20200306,WI,1,31,32
20200306,WV,0,1,1
20200305,AZ,2,28,30
20200305,CA,53,462,515
20200305,CO,0,19,19
20200305,DC,0,6,6
20200305,FL,9,31,40
20200305,GA,2,,2
20200305,IL,5,165,170
20200305,MD,0,17,17
20200305,MI,72,8,80
20200305,NC,1,,1
20200305,NE,0,17,17
20200305,NH,2,16,18
20200305,NJ,1,,1
20200305,NV,1,14,15
20200305,NY,22,76,98
20200305,OH,0,7,7
20200305,OR,3,45,48
20200305,RI,2,17,19
20200305,SC,0,5,5
20200305,TN,1,,1
20200305,TX,1,,1
20200305,VA,0,18,18
20200305,WA,97,943,1040
20200305,WI,1,19,20
20200304,AZ,2,27,29
20200304,CA,53,462,515
20200304,FL,2,24,26
20200304,GA,2,,2
20200304,IL,4,124,128
20200304,MI,52,,52
20200304,NC,1,,1
20200304,NH,2,10,12
20200304,NY,6,48,54
20200304,OR,3,29,32
20200304,RI,2,11,13
20200304,SC,0,5,5
20200304,TX,1,,1
20200304,WA,76,631,707
20200304,WI,1,19,20
20200303,MI,34,,34
20200303,RI,2,6,8
20200303,WA,58,427,485
20200302,MI,18,,18
20200302,RI,1,,1
20200302,WA,34,229,263
20200301,MI,9,,9
20200301,RI,1,,1
20200301,WA,30,81,111